1222690
489830
897330
72850
22330
47810
377160
246620
1328670
739630
221380
22380
8930
1238040
730
862110
22320
1238020
364640
49520
78000
206420
3590
515180
620
438100
33230
792650
304580
475550
1562420
15100
634160
324310
40970
24980
48190
22370
1749630
17470
817840
1207230
1233540
55230
813780
464340
922400
461700
400
17460
234270
1238060
223470
255320
978460
208480
262900
230820
70
350640
333430
39140
319630
520600
306130
292930
286460
330840
286480
11190
46510
201870
491950
550
10180
241260
266010
223710
38740
260570
113200
595160
205650
421050
367120
316160
253110
105000
33610
250320
642090
375180
220
399810
46490
38700
1104870
568770
11140
765870
498240
633060
262940
1011190
735620
304930
46480
46500
7940
501990
1009850
554620
314810
57640
219910
202990
712730
50
11040
654880
374900
860510
899970
933230
337340
377310
500
3330
46550
809000
793320
10090
218620
757300
555640
1730360
631990
1255980
248530
204240
281750
331470
33600
232430
46460
258520
878250
289070
209230
400430
411760
4760
523780
892970
497400
220260
1046820
4000
487430
793310
248730
806850
284050
260690
447020
242050
310080
206440
282070
291030
347430
110800
383870
326180
261640
1406990
280740
424840
313020
314510
947250
435400
130
360870
520720
233230
698780
286260
1135690
326190
378630
9480
80330
1257810
388490
326380
234940
363790
1057750
394680
466870
515910
298260
421670
368370
260710
398450
392280
342890
292030
222160
446640
602520
1609080
1024490
227300
22340
959000
425580
288160
1255990
485860
22100
431710
286360
8320
367580
288750
448780
465170
352780
1458560
409100
42690
1356240
209160
293180
431260
501300
3260
395350
257220
341800
485730
348950
38720
212910
733050
317790
408280
776540
449020
451760
368990
70110
385800
439250
306410
244430
374010
1593310
343780
317400
362890
658060
402260
654900
240
396790
816490
1258590
417860
276380
757330
276220
434620
441680
591420
323720
333600
415850
738000
281990
1505770
281370
420740
270550
429470
562220
1369340
692200
790740
354380
492630
377720
626510
794800
246090
1222670
70100
8310
409160
585840
1155660
314020
463110
764560
355150
628750
566160
429300
394140
377710
1346250
486120
344770
347560
746850
265330
864570
533300
658560
463710
420110
853860
426690
844160
391160
689910
42910
547340
1504740
948990
214950
315430
488580
381010
874010
790860
453850
244710
301910
736840
397270
291010
339470
273110
434210
610360
327410
310360
828910
523210
1281800
376790
304240
838390
381050
340270
655460
16700
806830
420370
575640
276430
604780
463390
460150
11150
698370
385980
3310
474010
368290
1274200
645090
259170
1420540
207690
493900
447570
815950
588970
395520
413150
861740
2310
2990
414130
749340
337670
272060
1333460
611980
48720
724740
337630
555210
612110
679660
351800
981960
385370
326480
241640
613880
388210
517910
255710
1091640
286080
399430
897820
918180
529780
648390
38400
1597730
727730
372210
825370
348510
472680
365070
205230
40300
734120
568020
468530
499520
357900
947260
487220
517790
402040
445130
251990
457530
376780
104600
821410
20900
955060
221910
1594910
319850
302190
356520
201420
280
910630
270170
667360
376870
391260
521340
429940
6220
3480
446450
319510
1258310
949370
391270
1054560
416130
346250
12100
1045510
1587180
443580
1241510
57300
812810
100
94590
1148590
694370
2620
1520110
1473050
678190
467370
264380
671090
485800
465520
386970
246070
80
224260
1480120
1522560
445230
315260
599390
276300
250460
34270
456750
65540
276340
1446330
951700
974470
1419740
11180
31280
423880
581300
275100
372540
1157260
434120
413870
250600
1471530
202970
11130
469990
306040
20
1498310
1493300
453890
10
667300
360
342570
508170
1012490
1020590
364390
42680
1036950
304460
1050000
485690
259550
388320
559330
1573720
1466860
1668560
277520
403860
63110
239200
327220
752590
500810
868580
837790
836770
836870
832540
836860
1074520
277590
911400
260210
812140
582160
289650
359610
359600
1450830
483770
228280
257350
675260
1056770
588230
616950
761620
1570070
559640
7670
8850
409720
8870
409710
448440
1547490
582660
249650
314830
80350
80360
236930
80340
245890
245910
245930
245950
245970
279990
419080
232790
225260
808090
517810
863470
2630
209170
10190
420060
1515950
420610
235584
235585
316670
242780
373390
115100
527710
909080
351870
351860
1481400
274520
247660
339190
1166290
1253280
274940
318850
329050
1361740
1567420
1324010
205100
987400
395170
220440
379720
208200
782330
1215270
289820
289840
279560
11050
289800
1238050
502140
618920
715560
253980
730830
1301720
204030
288470
38410
72740
38420
13520
246050
383580
1146600
362680
262000
322090
496760
497360
495700
310790
1618540
1568590
39500
39510
950670
12120
12110
606880
316790
368190
320
380
420
340
918820
94600
94610
94620
493580
6850
203140
6860
6900
247430
205930
1042380
1780830
859580
1437660
1182620
304430
1016770
115120
283270
1251980
205950
261680
255300
201830
6880
8190
370910
345390
10100
397500
761460
569800
569810
407230
214510
1373430
827120
827130
652960
642080
704740
936790
48000
335670
1282531
1766380
226720
40700
238370
396310
1238000
246110
345260
1129580
4780
243200
859600
311340
286690
287390
412020
1449560
241930
489520
525690
32460
846470
233290
595130
276240
595150
608420
461250
504640
439510
627310
302390
317320
579720
279500
297070
1477920
774131
287720
733790
15700
421810
723100
1398100
1537860
1129190
238320
295530
339850
916900
239030
22120
22180
22140
501970
564530
234710
560350
494740
3830
31270
2320
502750
415610
312050
1237490
339340
287290
564960
279260
500870
276360
40390
249230
391220
4770
438130
301670
8200
8210
8220
8240
8250
8260
8270
8280
8290
8300
31220
31230
31240
31250
31260
40720
421120
635850
41070
564310
1137300
342490
3910
235580
314790
530140
382140
202170
252330
282140
530930
383460
271570
831120
936650
10110
639560
50300
1213700
115110
383330
32370
412830
322970
358750
330830
1180660
8330
700620
215160
481110
65930
302170
288930
434420
1107790
287630
1099500
730820
203830
1194630
1537710
939850
460960
351940
319970
302160
454250
874260
433750
961010
1231950
260160
1272160
437160
828050
339840
1361320
32360
352520
827110
515020
207610
536220
429570
261030
866800
268540
20920
355880
239160
265193
265191
265192
259900
211740
6980
211600
354350
1003090
475150
203160
8000
7000
8140
10500
4700
34030
365300
748300
1097200
1930
391540
501790
429881
294860
314783
314781
314780
314782
427290
1098190
302180
1400870
447120
269250
368160
527190
2820
268500
593380
200510
205840
465280
1776160
384570
566050